33860090
33488420
33240722
33092203
33076930
33046051
32999308
32987656
32982910
32834004
32791113
32600151
32572814
32566740
32545788
32538869
32534583
32517799
32459513
32456274
32431588
32399169
32155131
32093762
32041265
31998605
31954994
31952509
31940482
31890161
31812830
31749671
31745471
31722195
31609697
31596658
31519175
31505196
31498131
31440136
31390549
31327219
31317505
31275138
31248424
31214110
31158941
31148353
30890906
30781628
30258234
30099552
30072879
29867531
29857583
29802603
29358918
29315562
29138692
28843021
28783713
28610994
28195358
26627987
26092111
25940667
25847918
23981537
