35572407
35111696
35083314
35069178
34965376
34908715
34888340
34884399
34876830
34853754
34841505
34836918
34829694
34789332
34776854
34704023
34650532
34576191
34576000
34422879
34422393
34408160
34357070
34346706
34250955
34216356
34205336
34171417
34079079
34053243
34034646
34033061
33968794
36072680
33899052
33860090
33825149
33819374
33782648
33717189
33692356
33669008
33657381
33517890
33514545
33505487
33488420
33422110
33416892
33406628
33240722
33092203
33076930
33063712
33046051
32999308
32987656
32982910
32834004
32791113
32600151
32572814
32566740
32545788
32538869
32534583
32517799
32504503
32459513
32456274
32431588
32399169
32155131
32093762
32041265
31998605
31954994
31952509
31940482
31812830
