36672595
36590421
36564391
36532064
36516898
36466165
36442206
36430144
36411639
36406749
36400238
36389228
36376318
36353491
36346385
36334762
36332796
36284437
36278360
36235760
36216843
36072564
36009361
35994167
35965349
35914559
35855338
35798742
35786740
35743072
35723531
35722294
35708472
35674870
35656540
35654142
35645785
35610236
35583791
35572407
35571084
35565918
35513230
35477134
35443740
35432226
35399136
35393656
35327401
35326429
35317228
35307514
35281490
35207632
35203906
35189807
35163103
35145822
35111696
35083314
35069178
35057561
35055364
35032636
34985325
34980288
34965376
34908715
34888340
34884399
34876830
34853754
34841505
34836918
34829694
34789332
34776854
34704023
34650532
34576191
34576000
34422879
34422393
34408160
34357070
34346706
34250955
34216356
34205336
34171417
34079079
34053243
34034646
34033061
33968794
36072680
33899052
33860090
33825149
33819374
33782648
33717189
33692356
33669008
33657381
33517890
33514545
33505487
33488420
33422110
33416892
33406628
33063712
32504503
