38488556
38357211
38275646
38229613
38203294
38176929
38106100
38078745
38075261
38045924
38024855
38014294
38004795
37927277
37900921
37841274
37834373
37777156
37771782
37764277
37761988
37714308
37690584
37676767
37655441
37607587
37597865
37571393
37481569
37449597
37403161
37375679
37375029
37374992
37368331
37340511
37323145
37305758
37298527
37239020
37237983
37228957
37212075
37207228
37157885
37130861
37110302
37065853
36986165
36984872
36984505
36978911
36938477
36843420
36816743
36769029
36750613
36674517
36672595
36590421
36564391
36532064
36516898
36466165
36442206
36430144
36411639
36406749
36400238
36389228
36376318
36353491
36346385
36334762
36332796
36284437
36278360
36235760
36216843
36093695
36072564
36009361
35994167
35965349
35914559
35855338
35798742
35786740
35743072
35723531
35722294
35708472
35674870
35656540
35654142
35645785
35610236
35583791
35572407
35571084
35565918
35513230
35477134
35443740
35432226
35399136
35393656
35327401
35326429
35317228
35307514
35281490
35207632
35203906
35189807
35163103
35145822
35111696
35083314
35069178
35057561
35055364
35032636
34985325
34980288
34836918
36072680
